
all_theta =

 Columns 1 through 7:

  -3.39041   0.00000   0.00000   0.00009  -0.00087  -0.00095   0.00156
  -3.25331   0.00000   0.00000  -0.00003   0.00040  -0.00092  -0.01640
  -5.06167   0.00000   0.00000  -0.00001  -0.00014   0.00377   0.01535
  -2.47561   0.00000   0.00000  -0.00001  -0.00003   0.00179  -0.00090
   0.61242   0.00000   0.00000  -0.00000   0.00008  -0.00083  -0.00743
  -3.63777   0.00000   0.00000  -0.00000   0.00002  -0.00013  -0.00025
  -2.27736   0.00000   0.00000  -0.00003   0.00020   0.00114   0.00549
  -8.12986   0.00000   0.00000  -0.00000   0.00005   0.00008  -0.00018
  -4.91520   0.00000   0.00000  -0.00000   0.00002   0.00033  -0.00511
  -6.06067   0.00000   0.00000  -0.00000  -0.00001   0.00013   0.00091

 Columns 8 through 14:

  -0.01902  -0.00148   0.00061   0.00048   0.00007   0.00045   0.00200
  -0.00912  -0.01320  -0.00159  -0.00860  -0.00324   0.00402   0.00546
  -0.02198  -0.00646  -0.00068  -0.00975  -0.00298  -0.00380  -0.01404
   0.00154   0.06823   0.05251   0.09043   0.02758  -0.00428   0.00603
  -0.00317  -0.01524  -0.00915  -0.00139   0.00011   0.00176   0.00834
  -0.00144  -0.00106  -0.00020  -0.00042  -0.00014   0.00008   0.00009
   0.07116   0.00714  -0.00397  -0.00702  -0.00243   0.00029   0.00082
  -0.00693  -0.00597   0.00051   0.00007   0.00001   0.00004   0.00014
  -0.00363  -0.00069  -0.01494  -0.00836  -0.00026   0.00096   0.00147
   0.00003  -0.00051  -0.00089  -0.00166  -0.00033   0.00034   0.00058

 Columns 15 through 21:

   0.00168   0.00447   0.00588   0.00050  -0.00008  -0.00000   0.00000
   0.00239  -0.00499  -0.00244   0.00387  -0.00012  -0.00002   0.00000
   0.01908   0.03133  -0.00245  -0.00073  -0.00001   0.00001   0.00000
   0.03668   0.01371  -0.00063   0.00028   0.00004  -0.00001   0.00000
  -0.03849  -0.06081   0.00004   0.00093   0.00000  -0.00001   0.00000
   0.00036   0.00053   0.00012   0.00002   0.00000  -0.00000   0.00000
  -0.00476  -0.00186   0.00033   0.00003   0.00000  -0.00000   0.00000
   0.00061   0.00168   0.00127   0.00017   0.00001  -0.00000   0.00000
   0.00274   0.00308   0.00103   0.00086   0.00012  -0.00002   0.00000
   0.00631   0.00557   0.00000   0.00002   0.00000  -0.00000   0.00000

 Columns 22 through 28:

  -0.00000   0.00001  -0.00120   0.00997   0.01142   0.00215  -0.02541
  -0.00000  -0.00001   0.00062  -0.00415   0.01338   0.15339  -0.08648
  -0.00000   0.00000   0.00046  -0.00370  -0.01306  -0.05363  -0.12997
  -0.00000   0.00012  -0.00012  -0.00966  -0.05184  -0.00588  -0.14278
  -0.00000  -0.00001  -0.00064   0.00680   0.02004   0.02486  -0.00180
   0.00000  -0.00001  -0.00001  -0.00026   0.00842   0.01107   0.00111
  -0.00000   0.00000   0.00033  -0.00183  -0.01601  -0.16512   0.14338
  -0.00000  -0.00001   0.00007  -0.00002   0.00035   0.00931  -0.00096
  -0.00000  -0.00001  -0.00001   0.00105  -0.00364  -0.00158  -0.01108
  -0.00000  -0.00001  -0.00000   0.00144   0.00185  -0.01000   0.00162

 Columns 29 through 35:

  -0.00002   0.00126  -0.00941  -0.00115  -0.00503  -0.02193  -0.01261
  -0.17898  -0.03110  -0.03375  -0.02952  -0.06490  -0.06261  -0.02646
  -0.09313  -0.07010  -0.06312  -0.03609   0.05171   0.13784  -0.25402
  -0.89117  -0.32137  -0.02021   0.10374   0.06328   0.02526  -0.34419
  -0.07361  -0.04611  -0.02383   0.00443  -0.01455  -0.09263   0.41944
   0.00375   0.01196   0.00894   0.01118   0.00256   0.01407   0.00690
   0.23972   0.12312   0.05319   0.00762  -0.03646  -0.06756   0.04649
  -0.02673  -0.03534  -0.01920   0.00429   0.00203  -0.00152  -0.00078
  -0.08035  -0.15964  -0.06210  -0.00439  -0.01550  -0.01675  -0.01657
   0.00423   0.00068   0.01334   0.01272   0.01369   0.00906  -0.04904

 Columns 36 through 42:

  -0.04013  -0.05503   0.00683   0.01048   0.00032   0.00018   0.00000
   0.03669   0.02509  -0.04716   0.00621   0.00114   0.00009   0.00000
  -0.37297   0.01778  -0.01391  -0.03500  -0.00515   0.00066   0.00000
  -0.14073   0.01422   0.00004   0.00150   0.00076   0.00027  -0.00002
   0.67078  -0.00248  -0.01142  -0.00389   0.00022   0.00002   0.00000
   0.00081   0.00145   0.00062   0.00013   0.00003   0.00001  -0.00001
   0.04436   0.01261   0.01915   0.01057  -0.00087   0.00084   0.00000
  -0.00395   0.00752   0.01541   0.00920   0.00056   0.00034   0.00000
  -0.02296  -0.00747  -0.00644   0.00248  -0.00107  -0.00159   0.00000
  -0.05992  -0.00858   0.00695   0.00579  -0.00023   0.00001   0.00000

 Columns 43 through 49:

  -0.00031   0.00032   0.02903   0.07214   0.10769   0.10613  -0.05954
   0.00029   0.00340  -0.01962  -0.34343  -0.26944  -0.38893  -0.45167
  -0.00015  -0.00743   0.06810   0.42091   0.88874   0.73865   0.34475
  -0.00154   0.01278   0.11424   0.27926  -0.00523  -0.26653  -2.16485
  -0.00002   0.00975  -0.07315  -0.33630  -0.68513  -0.84925  -0.25884
   0.00015  -0.00125   0.01174  -0.07824  -0.40223  -0.20371  -0.36724
  -0.00001  -0.00078   0.00639  -0.00400   0.46776   0.17220   2.79270
  -0.00008   0.00025   0.00707   0.00654  -0.08017  -0.20025  -0.17826
   0.00002   0.00026  -0.00294  -0.04511  -0.12113  -0.17045  -0.81949
   0.00005   0.00001  -0.00613  -0.02338  -0.06122  -0.10500  -0.17511

 Columns 50 through 56:

  -0.09185  -0.02287  -0.04110  -0.00573  -0.06770  -0.18462  -0.29570
  -0.27521   0.06784   0.44502   0.64153  -0.05064  -1.01661  -0.42196
  -0.10209  -0.07368  -0.14154  -0.23062   0.34816   0.71693   0.36209
  -2.11309  -0.55271   0.23171  -1.11834  -1.78466  -1.51616  -0.34218
  -0.11879   0.01168   0.00547  -0.07676  -0.20578   0.81608   1.30862
  -0.63708  -0.53130  -0.27711  -0.10768  -0.15616  -0.12051  -0.08396
   4.31446   2.95775   1.45233   1.45459   0.54532  -0.27607  -0.52286
  -0.03760   0.02366  -0.03039   0.00290  -0.06272  -0.26276  -0.49793
  -1.27376  -0.45930  -0.13033  -0.17020  -0.09205  -0.07619  -0.04279
  -0.26034  -0.28303  -0.40404  -0.51111  -0.39911  -0.68443  -0.41714

 Columns 57 through 63:

  -0.22622  -0.04464   0.05596   0.00081  -0.00037   0.00000   0.00151
   0.13640  -0.35338  -0.07965   0.03663  -0.00303   0.00016  -0.00003
   0.25276   0.41747   0.68884   0.03358  -0.00511   0.00000   0.00128
  -0.02067  -0.04352  -0.03512   0.00705   0.00036   0.00013   0.00077
  -0.33243  -0.20821   0.00721   0.00213   0.00020   0.00001   0.00118
  -0.00026  -0.00051  -0.00133  -0.00010  -0.00014  -0.00008  -0.00010
  -0.59129  -0.41014  -0.26095  -0.03993  -0.00312   0.00000  -0.00002
  -0.39789  -0.18132  -0.10693  -0.00003  -0.00410   0.00000   0.00129
  -0.08673  -0.05685  -0.09601   0.01909   0.02906   0.00000   0.00043
   0.06266  -0.05835  -0.07651   0.01003   0.00207   0.00000   0.00071

 Columns 64 through 70:

   0.00508  -0.18517  -0.67193  -1.02835  -1.38643  -0.81855  -0.91554
  -0.04690   0.07525   0.11533   0.25910   0.51425   0.56946   0.09982
  -0.03113   0.09348   0.61303   0.42372   0.36381  -0.14864  -0.73618
  -0.08333   0.12865   1.14245   0.23128   1.17379  -0.39365  -0.11178
   0.03416  -0.42538  -1.13107  -1.48081  -0.91002  -0.29375  -0.15837
   0.01921  -0.06496  -0.65696  -0.50884  -0.16523  -0.53131  -0.26795
   0.01180  -0.07964  -0.64578   0.37159  -0.45852   1.88016   1.48216
  -0.00205  -0.12212  -0.23729  -0.73333  -0.81620   0.21861   0.90612
   0.00141  -0.05486  -0.23167  -0.54590  -0.70138  -0.91114  -0.52551
   0.00134  -0.08817  -0.19986  -0.28796  -0.52912  -0.47399  -0.29514

